4
6
7
9
10
11
11
14
16
17
20
21
23
25
27
32
32
32
32
36
38
41
42
44
48
50
54
55
55
57
60
64
64
69
70
72
73
76
77
77
78
80
85
91
92
96
99
100
101
103
103
104
107
107
108
109
109
111
113
117
119
121
125
125
127
127
129
130
131
133
136
137
139
142
144
149
151
158
163
163
165
166
168
170
171
171
175
175
176
177
185
185
188
188
188
190
190
193
193
197
197
197
199
203
208
208
210
217
217
219
220
224
224
225
228
231
237
239
240
244
245
248
248
248
250
252
252
262
264
268
268
273
274
274
277
278
279
282
285
286
288
288
290
292
293
293
294
294
296
297
302
306
320
321
327
329
334
341
344
346
347
348
352
354
358
360
362
363
364
366
367
372
372
373
374
376
379
383
384
385
386
391
391
391
392
393
393
396
396
398
402
406
406
410
411
413
415
417
418
421
423
424
427
427
427
428
433
433
436
436
437
438
441
442
447
448
449
450
455
456
458
458
461
461
463
464
464
464
466
469
474
475
475
476
480
481
483
488
488
491
492
492
494
497
497
501
501
503
504
505
507
510
514
516
517
521
524
528
529
530
531
537
540
542
542
548
550
552
552
552
552
553
553
556
559
559
560
561
564
565
566
571
575
577
578
582
583
592
595
596
603
605
605
606
607
608
611
612
613
618
620
623
624
628
630
634
635
636
637
638
638
639
641
641
646
646
649
652
652
652
659
662
663
664
666
667
670
670
671
674
674
674
675
676
679
684
689
695
696
700
701
701
702
703
703
705
707
712
712
713
713
714
715
715
719
720
721
725
726
729
729
730
730
732
734
735
736
740
742
745
751
753
756
757
760
760
761
761
763
771
772
772
781
782
783
783
784
787
788
789
789
791
798
802
804
807
811
813
814
814
814
814
815
816
820
823
825
826
826
827
828
829
829
832
839
839
840
840
845
846
848
848
850
854
856
856
857
866
866
867
868
868
868
869
870
871
874
877
878
880
885
886
886
887
889
890
894
896
897
898
899
900
900
903
903
915
916
916
917
919
922
922
922
923
926
933
936
937
938
939
942
944
947
948
948
950
951
952
954
959
959
960
961
962
963
963
964
967
968
969
972
972
973
982
985
985
986
986
989
990
992
992
999
1000
1002
1006
1006
1009
1011
1012
1014
1015
1017
1018
1022
1027
1029
1035
1035
1038
1041
1051
1052
1053
1054
1054
1055
1057
1060
1060
1062
1068
1068
1069
1070
1073
1073
1077
1080
1080
1081
1082
1082
1086
1089
1089
1090
1091
1092
1092
1095
1100
1101
1103
1104
1104
1104
1105
1107
1108
1110
1111
1115
1117
1119
1120
1125
1126
1127
1128
1130
1130
1131
1132
1133
1136
1136
1137
1137
1137
1147
1148
1150
1151
1152
1154
1156
1156
1157
1159
1159
1160
1162
1162
1163
1163
1171
1174
1174
1178
1179
1184
1186
1189
1189
1191
1195
1195
1197
1197
1199
1200
1201
1203
1206
1207
1207
1210
1215
1217
1226
1226
1228
1230
1232
1238
1242
1248
1248
1249
1252
1252
1253
1254
1254
1260
1260
1261
1264
1265
1266
1268
1268
1273
1275
1277
1278
1279
1280
1280
1284
1285
1285
1285
1285
1291
1291
1295
1296
1296
1296
1303
1303
1304
1304
1304
1306
1306
1306
1307
1308
1313
1314
1314
1317
1318
1324
1324
1326
1328
1328
1333
1339
1340
1340
1342
1344
1346
1351
1352
1356
1362
1363
1366
1367
1367
1373
1375
1379
1380
1387
1388
1389
1390
1392
1392
1393
1396
1397
1399
1400
1404
1404
1407
1410
1411
1411
1412
1420
1420
1425
1427
1430
1431
1434
1440
1443
1443
1446
1446
1448
1450
1460
1461
1464
1465
1466
1467
1469
1469
1474
1475
1476
1480
1482
1485
1486
1487
1487
1492
1499
1499
1500
1507
1507
1510
1512
1517
1521
1522
1523
1531
1531
1531
1537
1548
1549
1552
1552
1552
1557
1559
1560
1561
1564
1567
1570
1571
1577
1579
1582
1583
1583
1585
1590
1590
1592
1596
1596
1597
1600
1602
1602
1602
1603
1606
1607
1610
1623
1625
1626
1631
1635
1637
1638
1639
1640
1640
1641
1642
1644
1651
1652
1654
1655
1656
1656
1659
1661
1662
1664
1666
1667
1669
1673
1673
1680
1681
1684
1684
1686
1686
1687
1688
1690
1690
1694
1696
1698
1702
1702
1703
1703
1704
1705
1706
1707
1712
1712
1712
1715
1717
1719
1722
1722
1722
1724
1725
1725
1729
1733
1734
1737
1745
1751
1757
1757
1759
1759
1761
1761
1765
1766
1768
1768
1769
1773
1773
1774
1776
1779
1779
1781
1782
1783
1783
1785
1786
1786
1786
1787
1788
1788
1788
1790
1793
1794
1797
1801
1801
1802
1803
1804
1805
1808
1812
1812
1813
1813
1828
1830
1833
1834
1835
1836
1839
1840
1840
1842
1844
1847
1848
1849
1849
1854
1855
1858
1858
1858
1859
1860
1862
1867
1868
1869
1869
1870
1871
1876
1883
1890
1891
1891
1899
1901
1908
1908
1908
1910
1911
1911
1911
1916
1918
1920
1920
1922
1924
1925
1927
1928
1928
1929
1931
1931
1932
1932
1932
1933
1937
1938
1944
1945
1945
1946
1947
1949
1949
1950
1964
1965
1968
1969
1970
1971
1972
1974
1976
1978
1978
1978
1980
1982
1983
1984
1987
1988
1991
1993
1993
1995
1997
1999
2000
2002
2002
2003
2003
2005
2013
2018
2019
2019
2021
2022
2023
2024
2026
2035
2038
2039
2040
2042
2042
2044
2046
2049
2053
2058
2060
2061
2061
2063
2063
2067
2070
2070
2071
2073
2073
2073
2074
2076
2077
2079
2084
2084
2085
2087
2087
2089
2089
2098
2098
2099
2099
2099
2100
2105
2107
2108
2110
2110
2112
2112
2113
2115
2119
2124
2126
2129
2131
2134
2135
2140
2141
2141
2142
2142
2144
2145
2149
2151
2152
2152
2156
2158
2158
2159
2160
2162
2162
2164
2170
2176
2184
2186
2188
2193
2195
2195
2196
2197
2199
2205
2207
2207
2211
2213
2215
2217
2218
2219
2220
2222
2223
2223
2227
2227
2236
2237
2237
2238
2244
2247
2249
2250
2251
2252
2261
2261
2265
2266
2269
2269
2271
2272
2277
2278
2279
2280
2282
2283
2283
2285
2286
2289
2290
2291
2291
2291
2291
2291
2292
2292
2293
2294
2295
2295
2296
2296
2297
2298
2299
2299
2301
2303
2306
2307
2308
2309
2310
2314
2322
2323
2327
2328
2333
2333
2336
2338
2338
2339
2340
2343
2343
2343
2343
2343
2346
2347
2349
2350
2351
2351
2352
2354
2355
2355
2356
2357
2357
2358
2358
2358
2359
2360
2362
2363
2366
2367
2368
2369
2370
2371
2371
2374
2377
2377
2382
2383
2386
2387
2387
2389
2393
2395
2397
2397
2397
2398
2402
2415
2415
2417
2420
2421
2421
2422
2423
2425
2425
2425
2428
2437
2438
2439
2440
2447
2449
2449
2450
2453
2453
2455
2456
2457
2458
2460
2462
2464
2466
2471
2471
2473
2475
2478
2480
2483
2484
2484
2492
2494
2494
2495
2495
2497
2497
2497
2501
2503
2505
2507
2507
2508
2508
2508
2510
2510
2515
2516
2518
2520
2521
2523
2525
2525
2532
2534
2539
2539
2542
2545
2547
2548
2549
2549
2550
2551
2553
2556
2557
2557
2559
2560
2567
2568
2568
2569
2572
2579
2579
2583
2583
2583
2586
2587
2589
2593
2594
2595
2595
2603
2613
2613
2614
2617
2620
2620
2620
2623
2627
2627
2631
2632
2636
2637
2639
2642
2643
2643
2648
2651
2652
2654
2655
2656
2657
2659
2662
2664
2667
2669
2669
2670
2676
2676
2678
2682
2687
2687
2687
2688
2689
2693
2693
2695
2697
2699
2701
2705
2707
2709
2713
2714
2715
2716
2717
2720
2727
2728
2729
2730
2731
2732
2734
2735
2735
2738
2740
2742
2744
2745
2747
2748
2750
2751
2752
2752
2755
2757
2758
2761
2763
2764
2766
2770
2773
2774
2775
2777
2782
2786
2786
2788
2788
2790
2791
2796
2799
2801
2801
2805
2806
2808
2808
2808
2811
2816
2818
2821
2822
2824
2830
2831
2831
2835
2836
2841
2842
2842
2849
2849
2850
2855
2856
2858
2863
2864
2864
2870
2871
2871
2873
2873
2874
2879
2880
2882
2883
2885
2885
2890
2897
2901
2901
2902
2903
2905
2909
2910
2911
2913
2915
2915
2917
2920
2925
2926
2926
2926
2926
2928
2939
2939
2939
2940
2944
2947
2948
2949
2950
2952
2956
2966
2967
2969
2972
2973
2976
2976
2978
2980
2982
2984
2986
2988
2989
2990
2993
2994
2995
2995
2996
3000
3001
3004
3007
3008
3008
3008
3010
3012
3014
3014
3014
3017
3018
3020
3021
3021
3021
3022
3025
3028
3030
3030
3032
3033
3034
3035
3036
3037
3039
3039
3043
3046
3046
3050
3053
3054
3055
3058
3060
3061
3062
3065
3065
3071
3072
3073
3076
3077
3078
3078
3078
3079
3080
3081
3083
3086
3087
3088
3089
3093
3095
3100
3104
3108
3109
3110
3119
3120
3120
3121
3126
3126
3128
3131
3132
3137
3140
3142
3142
3149
3149
3156
3156
3159
3161
3163
3163
3166
3177
3187
3195
3197
3199
3199
3201
3202
3202
3202
3203
3208
3211
3212
3212
3217
3218
3219
3220
3225
3228
3231
3232
3237
3240
3241
3241
3243
3245
3245
3247
3250
3251
3253
3255
3256
3257
3265
3269
3269
3270
3272
3272
3277
3277
3277
3281
3285
3286
3286
3288
3292
3292
3294
3299
3304
3306
3311
3315
3317
3322
3325
3327
3330
3331
3332
3334
3335
3336
3338
3338
3340
3342
3344
3346
3348
3350
3350
3351
3352
3356
3356
3360
3361
3364
3365
3367
3367
3369
3370
3372
3373
3375
3375
3376
3376
3377
3380
3381
3382
3385
3385
3386
3388
3391
3393
3394
3395
3397
3402
3402
3407
3407
3408
3408
3409
3412
3413
3421
3422
3426
3444
3446
3450
3455
3456
3460
3461
3463
3464
3465
3468
3469
3470
3471
3471
3472
3473
3475
3479
3480
3480
3481
3482
3483
3483
3485
3488
3490
3492
3493
3493
3494
3502
3503
3505
3511
3512
3514
3515
3517
3518
3519
3521
3523
3527
3527
3528
3533
3533
3535
3537
3538
3541
3544
3546
3549
3550
3551
3553
3553
3554
3559
3562
3563
3566
3569
3569
3574
3577
3577
3578
3580
3584
3589
3592
3593
3594
3596
3597
3603
3604
3606
3606
3614
3617
3618
3626
3626
3627
3629
3630
3630
3634
3634
3641
3642
3645
3649
3649
3654
3658
3660
3661
3663
3664
3665
3672
3675
3676
3684
3684
3688
3689
3690
3693
3693
3694
3694
3699
3699
3700
3701
3706
3706
3706
3709
3710
3712
3714
3715
3715
3716
3719
3720
3722
3722
3725
3726
3728
3729
3730
3739
3739
3740
3742
3743
3745
3746
3747
3749
3752
3752
3753
3754
3755
3755
3755
3763
3767
3767
3767
3769
3770
3774
3775
3778
3779
3780
3788
3788
3788
3792
3796
3806
3806
3807
3811
3812
3817
3821
3822
3823
3828
3828
3830
3832
3833
3833
3833
3840
3841
3842
3842
3844
3846
3846
3847
3850
3850
3851
3852
3863
3863
3864
3865
3868
3873
3875
3875
3884
3885
3887
3887
3887
3889
3889
3896
3898
3899
3900
3900
3900
3903
3904
3904
3906
3907
3907
3908
3912
3912
3916
3916
3917
3917
3918
3920
3928
3928
3929
3936
3948
3950
3950
3952
3953
3954
3955
3956
3959
3959
3959
3962
3964
3966
3971
3981
3983
3986
3986
3986
3988
3994
3994
3996
3996
4000
4000
4002
4007
4007
4012
4013
4016
4019
4019
4019
4022
4026
4029
4030
4031
4034
4040
4040
4041
4041
4043
4046
4047
4048
4048
4052
4053
4053
4055
4057
4059
4061
4064
4064
4068
4068
4073
4074
4075
4076
4080
4081
4082
4087
4088
4092
4094
4097
4098
4102
4103
4103
4111
4112
4115
4116
4117
4121
4126
4127
4128
4129
4129
4132
4133
4137
4138
4140
4140
4141
4142
4147
4148
4155
4157
4159
4159
4161
4161
4169
4171
4172
4172
4172
4175
4176
4176
4177
4179
4182
4183
4184
4185
4186
4186
4188
4189
4190
4194
4194
4197
4198
4201
4201
4209
4214
4221
4224
4224
4227
4228
4228
4233
4234
4235
4236
4237
4241
4245
4250
4254
4262
4268
4270
4272
4273
4273
4273
4274
4277
4277
4277
4277
4279
4294
4295
4297
4299
4300
4301
4301
4304
4306
4307
4311
4316
4316
4316
4317
4319
4319
4321
4323
4332
4334
4335
4335
4336
4336
4338
4340
4343
4347
4351
4353
4353
4354
4355
4355
4359
4359
4364
4367
4372
4373
4374
4374
4376
4378
4380
4381
4384
4386
4388
4392
4394
4396
4402
4403
4404
4407
4409
4411
4412
4414
4415
4416
4418
4423
4425
4426
4426
4429
4429
4430
4431
4435
4437
4437
4439
4441
4441
4442
4443
4444
4444
4450
4450
4450
4451
4454
4454
4454
4455
4455
4457
4459
4460
4465
4468
4469
4472
4473
4477
4479
4479
4480
4484
4490
4496
4497
4497
4498
4500
4506
4510
4515
4517
4524
4532
4532
4532
4533
4533
4538
4538
4539
4543
4544
4545
4546
4547
4549
4549
4550
4551
4555
4557
4558
4563
4565
4568
4569
4569
4570
4571
4572
4572
4574
4575
4575
4577
4578
4578
4585
4586
4587
4589
4590
4590
4591
4592
4594
4596
4597
4597
4598
4601
4601
4604
4605
4605
4608
4608
4609
4610
4612
4612
4613
4614
4615
4619
4620
4623
4624
4627
4629
4634
4636
4637
4638
4639
4641
4644
4645
4645
4645
4646
4648
4648
4649
4650
4653
4657
4661
4662
4667
4671
4672
4676
4677
4680
4681
4683
4683
4684
4686
4690
4694
4697
4699
4699
4702
4703
4705
4705
4711
4714
4714
4716
4717
4721
4721
4721
4727
4727
4728
4730
4732
4732
4733
4738
4742
4742
4746
4750
4754
4757
4760
4761
4764
4767
4772
4772
4772
4773
4777
4779
4781
4782
4784
4785
4788
4788
4792
4794
4799
4799
4800
4803
4805
4806
4806
4808
4810
4820
4821
4823
4824
4825
4826
4827
4829
4831
4833
4833
4834
4837
4839
4839
4842
4844
4847
4847
4854
4856
4858
4865
4865
4877
4878
4878
4882
4883
4885
4889
4889
4891
4895
4895
4896
4899
4900
4902
4903
4905
4906
4907
4907
4908
4908
4911
4914
4918
4922
4923
4924
4924
4926
4928
4929
4933
4934
4934
4935
4935
4936
4938
4939
4940
4940
4942
4945
4948
4951
4951
4951
4953
4954
4956
4956
4960
4960
4961
4962
4966
4966
4969
4978
4979
4979
4980
4982
4984
4985
4987
4990
4992
4994
4995
5002
5003
5014
5017
5021
5021
5022
5022
5027
5029
5031
5032
5036
5036
5037
5038
5038
5039
5043
5044
5045
5046
5050
5053
5054
5058
5060
5063
5065
5068
5071
5073
5078
5078
5079
5079
5080
5083
5088
5089
5091
5094
5096
5099
5105
5105
5106
5107
5107
5108
5109
5111
5113
5120
5126
5127
5127
5129
5131
5131
5136
5136
5136
5137
5138
5138
5139
5141
5142
5145
5148
5148
5149
5149
5151
5151
5152
5155
5157
5158
5162
5163
5163
5166
5166
5168
5170
5172
5172
5172
5173
5173
5175
5181
5183
5184
5186
5186
5187
5190
5190
5192
5197
5198
5202
5203
5204
5204
5205
5206
5206
5211
5212
5215
5217
5223
5223
5227
5228
5230
5230
5236
5239
5242
5250
5258
5259
5261
5264
5264
5265
5271
5272
5276
5279
5279
5279
5282
5283
5283
5286
5291
5291
5293
5294
5295
5296
5297
5299
5300
5303
5304
5305
5310
5310
5311
5313
5313
5316
5317
5317
5317
5320
5322
5325
5326
5329
5334
5334
5335
5336
5337
5340
5343
5344
5345
5346
5346
5348
5348
5353
5353
5357
5360
5361
5364
5365
5365
5366
5366
5369
5370
5371
5377
5381
5382
5383
5385
5386
5388
5394
5397
5399
5400
5401
5404
5406
5408
5411
5420
5421
5421
5426
5431
5432
5435
5435
5438
5441
5443
5443
5444
5448
5448
5449
5449
5450
5451
5451
5452
5453
5455
5455
5458
5463
5464
5465
5466
5469
5470
5476
5476
5477
5479
5482
5483
5485
5487
5487
5487
5493
5494
5498
5503
5505
5505
5507
5507
5507
5511
5511
5512
5518
5518
5519
5520
5522
5523
5525
5529
5531
5532
5539
5540
5541
5541
5542
5550
5557
5558
5559
5570
5572
5572
5574
5575
5576
5579
5580
5582
5586
5587
5588
5589
5591
5592
5593
5595
5595
5596
5597
5597
5598
5606
5610
5617
5617
5619
5620
5624
5626
5627
5627
5628
5631
5631
5631
5631
5632
5634
5636
5641
5641
5644
5646
5654
5658
5658
5659
5666
5673
5673
5680
5683
5684
5687
5690
5693
5697
5700
5704
5705
5706
5706
5707
5714
5718
5719
5726
5728
5731
5732
5733
5737
5746
5746
5746
5747
5747
5749
5750
5751
5755
5757
5761
5763
5765
5765
5767
5767
5769
5775
5777
5779
5779
5786
5786
5787
5796
5799
5799
5799
5801
5802
5804
5805
5805
5806
5806
5807
5810
5812
5812
5813
5816
5817
5818
5819
5821
5822
5822
5825
5827
5828
5832
5833
5833
5836
5836
5839
5840
5845
5848
5850
5852
5854
5856
5863
5864
5867
5868
5871
5873
5873
5875
5878
5879
5880
5887
5887
5887
5890
5891
5895
5897
5897
5898
5902
5904
5911
5912
5913
5914
5917
5920
5923
5925
5926
5927
5929
5932
5933
5936
5938
5940
5940
5942
5943
5943
5946
5946
5948
5950
5951
5952
5956
5957
5957
5961
5963
5963
5963
5966
5970
5973
5978
5978
5982
5983
5987
5987
5989
5989
5991
5992
5993
5994
5994
5996
5997
5998
5999
6005
6008
6008
6010
6015
6020
6021
6022
6023
6028
6029
6030
6031
6031
6032
6034
6039
6043
6047
6051
6053
6055
6056
6057
6062
6065
6065
6065
6066
6071
6072
6074
6078
6078
6079
6079
6080
6082
6082
6083
6088
6092
6093
6096
6096
6097
6097
6097
6101
6101
6103
6105
6105
6107
6108
6116
6117
6117
6120
6126
6127
6128
6129
6130
6131
6136
6137
6140
6145
6146
6148
6148
6150
6151
6151
6152
6154
6154
6159
6163
6164
6166
6172
6172
6175
6181
6184
6185
6191
6191
6192
6192
6196
6198
6203
6203
6209
6223
6225
6226
6226
6228
6230
6230
6232
6234
6237
6237
6240
6244
6244
6246
6246
6249
6250
6251
6251
6253
6256
6265
6277
6281
6283
6284
6285
6286
6287
6287
6293
6294
6294
6295
6297
6297
6298
6298
6303
6305
6305
6306
6307
6312
6318
6319
6320
6322
6332
6333
6337
6339
6341
6343
6358
6358
6360
6362
6364
6367
6372
6372
6374
6381
6384
6385
6386
6391
6392
6393
6394
6394
6401
6402
6402
6404
6404
6406
6408
6409
6415
6416
6416
6418
6421
6428
6429
6433
6435
6435
6439
6444
6445
6449
6450
6452
6454
6456
6458
6463
6463
6464
6466
6469
6470
6470
6472
6474
6475
6479
6480
6481
6486
6490
6494
6495
6496
6497
6499
6499
6499
6501
6503
6504
6504
6504
6506
6506
6507
6509
6512
6512
6515
6516
6517
6519
6523
6527
6529
6529
6530
6531
6532
6532
6532
6534
6534
6534
6534
6534
6534
6535
6539
6539
6541
6542
6543
6543
6545
6551
6552
6553
6556
6561
6561
6566
6567
6568
6570
6575
6575
6576
6576
6577
6581
6584
6586
6586
6587
6587
6587
6589
6590
6592
6593
6602
6604
6611
6612
6614
6615
6616
6617
6622
6624
6626
6632
6635
6635
6635
6635
6638
6639
6643
6644
6646
6647
6649
6655
6660
6661
6662
6665
6666
6667
6669
6670
6677
6679
6679
6683
6686
6692
6694
6696
6697
6697
6700
6701
6704
6707
6708
6708
6708
6708
6709
6709
6710
6712
6714
6715
6716
6718
6719
6721
6722
6725
6727
6729
6730
6730
6731
6735
6739
6743
6745
6747
6750
6751
6753
6754
6754
6761
6762
6764
6764
6767
6769
6770
6770
6772
6772
6774
6775
6775
6775
6775
6778
6781
6781
6784
6784
6786
6788
6790
6792
6793
6794
6796
6796
6796
6797
6799
6802
6804
6805
6806
6806
6808
6809
6820
6820
6828
6830
6831
6834
6834
6835
6838
6839
6848
6848
6856
6857
6859
6860
6863
6867
6869
6870
6873
6874
6876
6882
6883
6887
6893
6893
6895
6895
6896
6898
6899
6899
6904
6905
6906
6907
6911
6911
6913
6922
6929
6932
6933
6934
6937
6939
6939
6940
6943
6944
6947
6947
6947
6951
6953
6953
6955
6956
6958
6964
6972
6976
6978
6981
6982
6988
6988
6988
6989
6989
6990
6991
6992
6998
7000
7000
7001
7002
7006
7011
7012
7013
7017
7019
7021
7023
7025
7026
7027
7030
7031
7032
7035
7039
7040
7040
7041
7044
7045
7045
7048
7049
7050
7056
7059
7059
7061
7061
7063
7071
7071
7072
7074
7074
7075
7075
7079
7080
7083
7084
7087
7088
7091
7091
7092
7092
7094
7095
7099
7099
7101
7104
7105
7106
7106
7109
7111
7115
7117
7119
7121
7125
7125
7126
7127
7128
7129
7129
7131
7132
7132
7133
7138
7140
7143
7144
7146
7147
7149
7149
7153
7155
7158
7159
7160
7162
7167
7168
7168
7172
7172
7176
7178
7186
7186
7186
7188
7190
7195
7195
7197
7199
7201
7202
7202
7202
7206
7207
7209
7209
7215
7218
7219
7220
7223
7226
7227
7227
7229
7230
7232
7233
7238
7246
7247
7247
7254
7255
7260
7261
7262
7272
7273
7273
7274
7275
7276
7278
7290
7291
7291
7293
7295
7296
7297
7297
7301
7303
7304
7304
7305
7306
7309
7311
7312
7315
7315
7315
7316
7318
7319
7320
7321
7323
7323
7331
7334
7338
7340
7340
7345
7345
7345
7347
7348
7349
7354
7361
7363
7365
7366
7366
7368
7374
7374
7374
7377
7377
7379
7379
7383
7384
7386
7390
7391
7392
7394
7395
7398
7399
7400
7403
7411
7412
7413
7415
7417
7418
7418
7418
7419
7421
7423
7426
7427
7431
7433
7438
7438
7439
7441
7442
7444
7452
7453
7455
7456
7458
7464
7465
7465
7473
7473
7474
7474
7475
7478
7479
7481
7482
7488
7488
7490
7491
7493
7495
7496
7497
7497
7499
7500
7501
7501
7503
7504
7513
7515
7518
7518
7519
7522
7525
7525
7527
7533
7540
7544
7545
7547
7550
7550
7551
7555
7560
7569
7571
7574
7578
7579
7579
7580
7581
7583
7590
7592
7595
7600
7601
7601
7603
7603
7608
7609
7609
7610
7611
7620
7621
7622
7623
7623
7627
7629
7632
7635
7636
7638
7638
7640
7641
7642
7645
7646
7646
7648
7651
7652
7652
7654
7655
7655
7655
7656
7657
7662
7663
7664
7672
7672
7674
7677
7679
7681
7681
7682
7683
7685
7687
7688
7688
7695
7703
7704
7706
7706
7714
7715
7716
7718
7719
7720
7725
7727
7727
7731
7732
7733
7734
7735
7736
7736
7737
7738
7738
7740
7743
7745
7745
7747
7747
7750
7752
7753
7753
7754
7755
7760
7763
7766
7769
7771
7772
7773
7776
7780
7781
7784
7786
7786
7790
7792
7796
7798
7799
7800
7814
7826
7828
7831
7831
7831
7831
7834
7835
7835
7837
7838
7839
7840
7842
7846
7854
7855
7859
7860
7861
7864
7865
7868
7869
7873
7874
7876
7877
7878
7879
7881
7882
7884
7886
7891
7891
7893
7894
7895
7896
7898
7899
7900
7900
7903
7906
7907
7908
7908
7911
7916
7916
7916
7916
7917
7919
7921
7924
7924
7925
7925
7928
7929
7934
7935
7937
7939
7941
7942
7946
7950
7950
7950
7951
7951
7955
7955
7956
7958
7962
7965
7968
7970
7974
7975
7977
7980
7981
7982
7982
7990
7992
7999
7999
8004
8005
8006
8007
8010
8012
8013
8014
8018
8019
8019
8021
8021
8024
8027
8028
8029
8029
8031
8032
8034
8034
8035
8036
8038
8045
8047
8049
8051
8056
8058
8062
8062
8063
8063
8065
8068
8068
8070
8071
8071
8071
8072
8072
8073
8073
8078
8079
8083
8086
8088
8089
8089
8090
8092
8097
8105
8105
8111
8112
8113
8115
8116
8117
8117
8118
8118
8119
8123
8123
8123
8130
8130
8131
8131
8135
8137
8140
8141
8142
8144
8150
8151
8151
8156
8161
8161
8162
8164
8167
8170
8172
8173
8173
8174
8179
8180
8181
8182
8183
8183
8190
8195
8198
8199
8201
8202
8204
8206
8206
8207
8208
8213
8213
8215
8215
8216
8220
8220
8224
8225
8225
8227
8229
8232
8234
8235
8236
8236
8250
8251
8252
8254
8254
8254
8259
8260
8261
8261
8262
8262
8262
8267
8268
8269
8270
8276
8277
8278
8280
8280
8284
8287
8289
8296
8299
8299
8301
8301
8301
8302
8309
8310
8312
8314
8315
8316
8318
8319
8319
8321
8322
8322
8327
8328
8331
8335
8340
8342
8344
8344
8345
8348
8349
8351
8353
8354
8354
8363
8364
8365
8367
8368
8369
8371
8373
8375
8375
8378
8379
8379
8383
8385
8392
8394
8399
8401
8401
8402
8410
8410
8412
8412
8413
8413
8422
8424
8428
8429
8434
8434
8434
8436
8436
8438
8442
8449
8450
8454
8455
8457
8458
8461
8462
8464
8464
8465
8471
8473
8473
8474
8478
8479
8481
8482
8486
8490
8491
8493
8493
8495
8501
8502
8503
8504
8505
8506
8507
8508
8509
8510
8510
8515
8515
8518
8518
8519
8519
8521
8525
8530
8531
8532
8533
8534
8534
8537
8537
8537
8538
8539
8544
8547
8551
8552
8553
8554
8556
8561
8561
8565
8569
8571
8572
8577
8577
8579
8581
8582
8583
8584
8585
8592
8594
8595
8597
8598
8598
8609
8609
8609
8609
8612
8613
8614
8618
8619
8620
8620
8620
8623
8625
8627
8628
8631
8636
8637
8637
8638
8640
8642
8644
8646
8646
8651
8651
8654
8658
8659
8662
8667
8671
8674
8674
8675
8676
8677
8680
8680
8683
8685
8686
8687
8691
8691
8691
8694
8694
8696
8698
8699
8700
8701
8702
8702
8706
8710
8711
8712
8713
8715
8724
8725
8728
8734
8738
8739
8741
8747
8750
8751
8757
8757
8761
8763
8767
8769
8770
8773
8774
8776
8778
8780
8781
8782
8782
8784
8789
8791
8792
8792
8796
8801
8801
8805
8809
8812
8813
8817
8818
8819
8820
8825
8828
8829
8830
8832
8837
8841
8842
8844
8844
8847
8848
8848
8849
8850
8854
8856
8857
8857
8861
8862
8867
8868
8873
8876
8885
8889
8889
8890
8891
8891
8892
8895
8896
8905
8907
8912
8913
8914
8920
8921
8924
8924
8924
8925
8927
8927
8929
8929
8933
8935
8937
8942
8946
8947
8947
8947
8950
8950
8950
8954
8954
8955
8956
8957
8960
8968
8973
8974
8978
8983
8989
8991
8991
8994
8998
8999
9001
9002
9002
9007
9009
9012
9013
9015
9015
9017
9018
9022
9025
9027
9029
9029
9029
9035
9035
9036
9037
9039
9042
9044
9047
9049
9058
9062
9065
9068
9076
9077
9078
9081
9081
9082
9084
9084
9086
9086
9086
9086
9088
9088
9089
9092
9093
9095
9096
9096
9100
9100
9102
9103
9103
9107
9107
9112
9112
9113
9113
9113
9114
9116
9117
9118
9120
9122
9129
9134
9135
9136
9139
9140
9141
9143
9143
9144
9151
9155
9156
9157
9168
9170
9174
9177
9178
9178
9183
9183
9184
9184
9184
9185
9186
9189
9190
9192
9193
9201
9202
9210
9211
9212
9216
9216
9218
9219
9219
9223
9224
9227
9227
9230
9231
9233
9233
9235
9237
9238
9241
9241
9244
9248
9253
9254
9258
9260
9260
9260
9261
9261
9263
9263
9263
9265
9266
9266
9266
9271
9271
9271
9272
9274
9275
9276
9277
9281
9281
9282
9283
9285
9287
9287
9288
9289
9294
9299
9299
9302
9303
9309
9309
9310
9311
9312
9315
9316
9318
9318
9322
9323
9323
9323
9324
9324
9328
9330
9333
9336
9337
9339
9339
9339
9340
9342
9345
9348
9349
9351
9353
9353
9359
9360
9360
9360
9361
9365
9365
9365
9367
9368
9369
9371
9372
9375
9376
9377
9378
9379
9383
9384
9387
9388
9394
9396
9396
9397
9399
9400
9400
9401
9401
9406
9406
9407
9408
9408
9411
9412
9414
9416
9416
9418
9420
9421
9422
9424
9426
9430
9434
9438
9439
9445
9446
9449
9450
9456
9456
9458
9460
9460
9468
9474
9477
9478
9480
9482
9483
9484
9487
9489
9489
9491
9501
9504
9504
9504
9508
9509
9511
9514
9515
9522
9528
9534
9536
9537
9539
9539
9543
9543
9548
9553
9554
9561
9561
9562
9566
9566
9567
9567
9570
9573
9574
9577
9578
9578
9578
9578
9581
9587
9588
9591
9591
9592
9593
9595
9596
9601
9602
9605
9610
9612
9614
9615
9615
9617
9617
9618
9620
9623
9624
9630
9631
9632
9646
9647
9647
9651
9652
9653
9658
9668
9670
9672
9672
9672
9674
9676
9676
9676
9676
9683
9684
9689
9694
9695
9697
9699
9699
9701
9702
9703
9703
9703
9703
9706
9708
9708
9708
9708
9710
9712
9715
9717
9719
9719
9720
9720
9722
9722
9722
9724
9728
9731
9733
9733
9744
9744
9745
9747
9749
9749
9750
9751
9751
9754
9754
9755
9756
9758
9759
9761
9762
9765
9770
9774
9774
9774
9776
9777
9777
9778
9778
9779
9780
9781
9784
9787
9787
9788
9788
9791
9793
9801
9802
9802
9802
9803
9803
9806
9807
9810
9811
9811
9811
9815
9816
9819
9826
9826
9827
9829
9834
9835
9837
9841
9844
9846
9850
9852
9853
9854
9857
9859
9859
9862
9863
9870
9870
9875
9876
9877
9877
9879
9880
9884
9884
9886
9886
9887
9888
9889
9890
9891
9893
9893
9899
9899
9900
9900
9900
9903
9904
9909
9911
9913
9916
9916
9919
9920
9922
9925
9927
9927
9928
9933
9933
9934
9934
9939
9940
9940
9944
9946
9946
9950
9952
9953
9963
9964
9965
9967
9967
9971
9972
9972
9973
9974
9975
9976
9979
9983
9987
9990
9991
9992
9996
9997
9999
9999
9999
10003
10003
10007
10009
10010
10010
10010
10011
10012
10016
10019
10020
10021
10021
10025
10025
10026
10029
10030
10032
10033
10033
10035
10036
10042
10043
10045
10049
10052
10052
10052
10054
10054
10054
10055
10058
10060
10061
10063
10063
10074
10075
10075
10076
10077
10080
10081
10082
10083
10084
10086
10087
10088
10088
10089
10089
10094
10099
10102
10104
10105
10105
10105
10107
10107
10108
10112
10112
10112
10113
10114
10114
10117
10119
10120
10121
10125
10133
10136
10136
10138
10140
10143
10144
10144
10146
10153
10156
10156
10156
10162
10167
10168
10170
10171
10172
10172
10175
10176
10177
10178
10181
10181
10183
10190
10192
10195
10196
10196
10197
10198
10200
10200
10200
10201
10202
10203
10204
10207
10211
10212
10217
10218
10219
10219
10221
10222
10222
10222
10225
10226
10234
10238
10240
10249
10252
10252
10255
10260
10261
10261
10262
10263
10263
10264
10264
10267
10274
10276
10279
10285
10289
10291
10292
10298
10302
10306
10309
10311
10313
10314
10318
10320
10321
10325
10328
10331
10334
10334
10336
10339
10340
10347
10351
10356
10358
10360
10363
10363
10365
10365
10365
10368
10371
10371
10371
10375
10378
10378
10386
10389
10391
10395
10397
10397
10401
10407
10408
10409
10412
10417
10418
10419
10420
10423
10424
10427
10432
10434
10437
10447
10448
10453
10455
10458
10459
10462
10463
10469
10470
10470
10474
10481
10487
10489
10490
10494
10494
10496
10498
10500
10501
10502
10504
10506
10507
10509
10513
10513
10516
10518
10518
10521
10522
10522
10525
10530
10531
10534
10534
10534
10535
10535
10540
10540
10543
10544
10546
10546
10548
10553
10555
10555
10561
10563
10563
10566
10567
10569
10572
10577
10578
10578
10579
10579
10580
10581
10581
10582
10583
10584
10587
10588
10588
10590
10590
10594
10596
10596
10598
10598
10600
10601
10602
10607
10613
10613
10619
10621
10625
10639
10639
10641
10641
10642
10647
10647
10652
10652
10653
10653
10655
10655
10656
10657
10658
10659
10660
10668
10669
10670
10673
10675
10676
10681
10686
10686
10687
10690
10690
10691
10694
10694
10698
10700
10701
10702
10703
10705
10709
10711
10712
10714
10717
10719
10725
10726
10726
10730
10730
10739
10740
10741
10741
10742
10743
10743
10743
10744
10744
10749
10749
10750
10753
10759
10761
10765
10765
10767
10767
10768
10768
10769
10772
10777
10779
10779
10780
10785
10789
10790
10793
10795
10798
10801
10802
10802
10804
10805
10808
10810
10813
10817
10818
10823
10826
10828
10829
10832
10834
10835
10835
10837
10841
10841
10845
10849
10854
10855
10855
10858
10861
10861
10861
10861
10867
10867
10868
10869
10872
10877
10877
10878
10878
10880
10881
10881
10882
10883
10884
10885
10887
10887
10888
10888
10892
10897
10898
10899
10903
10905
10909
10909
10914
10917
10923
10926
10927
10927
10927
10929
10929
10930
10933
10935
10937
10939
10939
10941
10941
10943
10943
10943
10944
10950
10955
10956
10956
10956
10958
10964
10965
10966
10967
10967
10969
10969
10969
10972
10974
10979
10979
10980
10980
10984
10985
10987
10995
10999
11002
11008
11011
11011
11013
11015
11018
11021
11022
11022
11025
11027
11030
11032
11034
11036
11036
11037
11038
11040
11050
11051
11051
11052
11052
11053
11053
11055
11056
11057
11058
11058
11059
11059
11061
11068
11072
11073
11074
11076
11076
11077
11082
11082
11085
11086
11087
11091
11091
11094
11094
11095
11095
11097
11098
11099
11100
11100
11101
11103
11103
11107
11109
11109
11115
11115
11116
11117
11117
11123
11123
11124
11124
11127
11128
11128
11129
11129
11133
11138
11138
11139
11139
11139
11140
11140
11141
11142
11145
11147
11148
11149
11152
11154
11155
11156
11157
11158
11161
11163
11166
11168
11170
11174
11174
11176
11179
11179
11179
11180
11182
11185
11187
11187
11188
11190
11192
11192
11194
11195
11195
11195
11196
11197
11197
11198
11202
11206
11210
11212
11212
11214
11218
11222
11226
11237
11242
11242
11243
11245
11255
11256
11256
11261
11261
11265
11268
11269
11269
11270
11270
11270
11271
11273
11274
11280
11289
11291
11295
11296
11299
11299
11302
11304
11304
11306
11308
11311
11313
11316
11316
11317
11321
11323
11324
11325
11328
11329
11329
11329
11332
11335
11339
11341
11347
11348
11353
11353
11353
11353
11354
11357
11359
11361
11362
11365
11367
11369
11369
11369
11375
11378
11379
11381
11384
11385
11387
11389
11390
11392
11397
11397
11399
11400
11401
11406
11409
11410
11412
11412
11413
11413
11415
11416
11420
11423
11425
11426
11426
11429
11431
11432
11443
11444
11445
11447
11448
11451
11452
11455
11456
11457
11459
11462
11463
11463
11466
11467
11468
11468
11469
11469
11471
11473
11474
11475
11477
11478
11479
11480
11481
11484
11484
11485
11497
11497
11498
11499
11502
11503
11504
11507
11511
11515
11515
11515
11516
11518
11523
11523
11525
11528
11528
11529
11536
11539
11539
11540
11542
11544
11546
11549
11554
11558
11562
11564
11565
11566
11575
11577
11577
11588
11589
11590
11593
11593
11594
11597
11600
11603
11605
11607
11608
11610
11616
11629
11632
11636
11637
11642
11645
11647
11647
11652
11653
11653
11653
11656
11656
11656
11657
11658
11665
11666
11668
11669
11669
11670
11671
11672
11674
11676
11679
11679
11681
11682
11683
11687
11690
11691
11692
11693
11693
11698
11699
11704
11705
11706
11708
11712
11714
11714
11717
11719
11720
11723
11727
11728
11728
11734
11736
11736
11738
11740
11745
11748
11755
11756
11757
11759
11759
11759
11767
11768
11769
11772
11776
11781
11782
11782
11791
11791
11794
11795
11796
11798
11799
11801
11801
11803
11806
11808
11809
11813
11813
11814
11815
11817
11821
11821
11822
11822
11823
11824
11824
11826
11827
11832
11832
11833
11833
11837
11842
11846
11846
11847
11852
11855
11855
11859
11860
11861
11864
11867
11871
11874
11877
11878
11883
11884
11886
11891
11891
11893
11897
11897
11898
11902
11902
11905
11906
11907
11908
11908
11914
11918
11922
11923
11925
11926
11926
11928
11931
11931
11932
11933
11935
11936
11936
11937
11940
11941
11943
11944
11945
11947
11948
11948
11950
11952
11953
11958
11959
11962
11963
11963
11970
11975
11977
11978
11983
11986
11987
11990
11993
11993
11994
11996
12000
12003
12004
12005
12005
12011
12014
12017
12018
12023
12023
12023
12024
12024
12025
12026
12027
12029
12029
12030
12030
12031
12031
12033
12035
12037
12042
12043
12045
12046
12047
12056
12056
12056
12056
12057
12058
12061
12064
12067
12068
12069
12073
12073
12074
12075
12081
12082
12082
12084
12093
12097
12104
12105
12107
12111
12112
12112
12112
12112
12116
12116
12120
12121
12121
12125
12133
12135
12136
12139
12139
12141
12145
12145
12146
12148
12149
12149
12149
12150
12150
12154
12157
12160
12163
12164
12172
12174
12174
12175
12178
12180
12181
12184
12184
12190
12190
12191
12191
12196
12197
12200
12200
12208
12211
12211
12213
12216
12219
12221
12221
12222
12227
12229
12229
12232
12233
12234
12235
12237
12239
12239
12240
12243
12243
12244
12246
12246
12247
12252
12257
12257
12257
12258
12259
12259
12260
12263
12263
12263
12272
12277
12278
12279
12279
12281
12289
12290
12290
12291
12292
12304
12304
12306
12307
12309
12312
12312
12314
12316
12316
12316
12318
12318
12321
12324
12326
12327
12329
12333
12334
12336
12337
12338
12338
12338
12339
12339
12342
12344
12351
12353
12355
12357
12357
12357
12357
12358
12359
12360
12361
12363
12365
12367
12369
12370
12370
12371
12371
12371
12373
12375
12378
12378
12381
12382
12384
12386
12387
12388
12392
12397
12397
12400
12401
12402
12402
12403
12409
12413
12414
12415
12420
12423
12425
12427
12428
12428
12428
12429
12432
12433
12434
12436
12438
12438
12439
12440
12446
12448
12449
12451
12453
12454
12455
12462
12462
12462
12464
12465
12466
12468
12470
12471
12472
12472
12473
12475
12476
12478
12478
12479
12479
12481
12482
12483
12483
12483
12484
12484
12487
12487
12487
12495
12498
12499
12506
12506
12508
12510
12512
12513
12513
12520
12520
12522
12522
12525
12525
12526
12530
12532
12533
12538
12539
12540
12541
12542
12543
12545
12548
12551
12551
12552
12558
12559
12561
12561
12566
12570
12573
12578
12578
12581
12585
12586
12588
12590
12591
12598
12598
12604
12606
12609
12610
12610
12617
12618
12621
12624
12632
12635
12635
12642
12643
12644
12645
12646
12652
12656
12656
12659
12659
12662
12666
12666
12667
12667
12669
12672
12672
12676
12677
12682
12682
12684
12688
12692
12693
12694
12700
12702
12704
12704
12705
12705
12707
12708
12709
12712
12712
12713
12719
12721
12722
12725
12726
12726
12727
12727
12731
12733
12735
12735
12735
12737
12741
12741
12742
12742
12743
12743
12743
12746
12746
12751
12752
12757
12759
12763
12766
12767
12768
12769
12775
12778
12785
12786
12788
12788
12789
12791
12792
12792
12793
12795
12803
12805
12808
12809
12811
12811
12814
12815
12818
12819
12820
12820
12821
12821
12823
12827
12829
12829
12832
12832
12835
12835
12836
12836
12838
12840
12840
12846
12846
12848
12853
12854
12854
12857
12861
12861
12871
12873
12880
12881
12882
12882
12884
12889
12890
12894
12895
12895
12896
12899
12899
12902
12904
12909
12911
12915
12922
12924
12924
12926
12928
12928
12931
12934
12935
12937
12938
12939
12941
12941
12943
12943
12945
12946
12949
12950
12950
12951
12951
12953
12957
12961
12961
12967
12967
12969
12974
12974
12975
12977
12979
12981
12985
12986
12987
12991
12991
12992
12993
12993
12995
12997
12999
12999
12999
13002
13003
13007
13007
13010
13014
13016
13018
13018
13019
13020
13024
13025
13025
13027
13027
13035
13039
13040
13042
13047
13048
13051
13052
13054
13054
13056
13056
13058
13058
13059
13061
13062
13063
13063
13065
13065
13066
13068
13070
13073
13075
13082
13084
13084
13085
13086
13089
13092
13093
13093
13094
13095
13099
13102
13102
13105
13106
13106
13111
13112
13112
13118
13118
13118
13119
13124
13127
13127
13127
13130
13131
13133
13136
13138
13138
13142
13146
13149
13149
13153
13156
13159
13160
13161
13163
13164
13165
13169
13174
13175
13176
13179
13180
13181
13181
13185
13193
13194
13196
13196
13197
13201
13203
13205
13211
13214
13218
13223
13230
13233
13233
13236
13236
13238
13239
13243
13243
13244
13244
13252
13255
13256
13258
13258
13259
13259
13267
13270
13272
13272
13273
13273
13275
13277
13278
13282
13287
13288
13289
13290
13292
13292
13292
13293
13297
13299
13299
13303
13306
13314
13315
13316
13320
13323
13327
13331
13331
13332
13339
13340
13341
13341
13346
13346
13350
13353
13356
13360
13361
13362
13366
13367
13368
13370
13376
13379
13381
13382
13383
13384
13384
13386
13388
13389
13395
13396
13397
13397
13401
13401
13403
13410
13411
13413
13413
13418
13418
13421
13422
13422
13425
13426
13426
13426
13427
13428
13431
13433
13434
13435
13437
13443
13446
13448
13454
13455
13456
13456
13459
13462
13463
13465
13467
13472
13472
13474
13475
13476
13476
13476
13479
13479
13487
13489
13492
13493
13496
13500
13501
13502
13505
13507
13509
13509
13509
13511
13511
13512
13514
13515
13516
13520
13523
13525
13527
13532
13532
13535
13536
13537
13538
13538
13540
13543
13543
13551
13553
13558
13561
13562
13562
13565
13567
13567
13568
13568
13570
13573
13576
13577
13579
13585
13586
13587
13587
13588
13588
13592
13593
13593
13595
13601
13604
13604
13604
13605
13606
13608
13609
13610
13612
13614
13614
13616
13617
13625
13626
13629
13632
13632
13633
13633
13634
13634
13639
13639
13640
13643
13643
13646
13647
13649
13649
13649
13650
13651
13654
13655
13657
13658
13660
13660
13662
13662
13663
13673
13673
13674
13674
13675
13677
13678
13683
13688
13688
13688
13690
13691
13692
13694
13694
13695
13695
13699
13699
13702
13703
13704
13708
13711
13713
13716
13718
13718
13718
13719
13722
13725
13725
13726
13726
13728
13731
13735
13735
13736
13739
13741
13746
13747
13748
13748
13751
13753
13757
13757
13758
13759
13760
13760
13761
13762
13763
13769
13770
13771
13772
13773
13776
13777
13779
13784
13784
13785
13785
13786
13790
13790
13790
13790
13792
13794
13794
13797
13797
13800
13800
13803
13803
13805
13806
13806
13810
13811
13812
13815
13815
13815
13816
13816
13817
13818
13818
13818
13820
13820
13823
13827
13830
13831
13833
13834
13834
13834
13835
13838
13841
13845
13847
13848
13849
13852
13854
13855
13856
13857
13860
13861
13862
13862
13865
13866
13866
13868
13873
13878
13879
13879
13882
13882
13883
13884
13885
13887
13888
13889
13896
13906
13911
13912
13914
13916
13917
13920
13920
13921
13922
13923
13927
13931
13934
13939
13939
13943
13945
13946
13946
13949
13951
13952
13954
13956
13957
13957
13958
13958
13960
13965
13968
13968
13968
13969
13973
13977
13977
13978
13983
13986
13987
13989
13990
13993
13995
13996
13998
13998
13998
13999
13999
14003
14005
14006
14008
14010
14011
14011
14013
14014
14014
14015
14017
14018
14019
14020
14022
14023
14028
14030
14031
14031
14035
14037
14038
14039
14041
14045
14049
14051
14056
14058
14059
14061
14062
14062
14063
14065
14068
14075
14078
14080
14081
14081
14082
14083
14088
14094
14094
14095
14095
14099
14100
14103
14104
14104
14109
14111
14113
14116
14118
14122
14122
14122
14128
14129
14130
14130
14130
14130
14135
14140
14140
14141
14142
14142
14143
14143
14144
14144
14145
14146
14152
14157
14163
14165
14166
14170
14171
14174
14177
14177
14179
14185
14187
14189
14192
14192
14197
14199
14201
14202
14206
14207
14207
14209
14210
14214
14218
14219
14220
14226
14226
14227
14228
14232
14236
14239
14241
14244
14245
14245
14246
14247
14252
14254
14258
14259
14260
14263
14263
14264
14264
14265
14267
14271
14272
14274
14278
14279
14280
14281
14281
14281
14283
14285
14286
14287
14287
14288
14288
14290
14291
14291
14292
14295
14296
14296
14298
14299
14299
14300
14301
14303
14304
14308
14308
14310
14311
14317
14318
14320
14322
14324
14324
14324
14326
14327
14330
14331
14331
14331
14334
14335
14337
14337
14341
14342
14346
14351
14351
14352
14354
14355
14360
14361
14362
14364
14365
14366
14367
14369
14369
14369
14383
14384
14385
14386
14389
14390
14395
14396
14400
14400
14405
14408
14410
14411
14413
14421
14422
14422
14422
14425
14428
14429
14434
14435
14437
14438
14439
14439
14445
14445
14449
14450
14452
14456
14464
14465
14467
14469
14469
14474
14474
14475
14476
14480
14486
14486
14487
14487
14488
14489
14491
14498
14505
14507
14507
14513
14518
14520
14526
14527
14528
14531
14533
14536
14546
14549
14551
14552
14554
14555
14561
14566
14568
14569
14571
14574
14575
14576
14576
14589
14596
14597
14598
14602
14604
14604
14605
14605
14609
14610
14614
14614
14615
14615
14622
14623
14624
14626
14630
14634
14635
14635
14638
14638
14638
14640
14646
14647
14647
14654
14660
14660
14660
14661
14663
14666
14668
14672
14672
14674
14676
14678
14685
14687
14687
14689
14689
14693
14693
14694
14695
14696
14697
14701
14701
14702
14702
14705
14712
14713
14713
14716
14717
14721
14722
14724
14731
14733
14733
14733
14736
14736
14737
14739
14740
14742
14749
14750
14753
14755
14755
14756
14756
14759
14760
14760
14762
14764
14765
14767
14769
14773
14774
14774
14775
14778
14779
14780
14783
14784
14785
14787
14787
14790
14790
14791
14792
14794
14795
14796
14796
14796
14797
14798
14799
14799
14800
14802
14802
14810
14815
14816
14819
14823
14823
14825
14825
14827
14829
14832
14834
14836
14837
14837
14843
14845
14846
14846
14854
14855
14856
14857
14857
14857
14858
14859
14859
14861
14863
14866
14868
14869
14872
14873
14880
14881
14882
14884
14886
14886
14886
14887
14889
14890
14891
14893
14894
14898
14902
14906
14907
14907
14910
14910
14910
14911
14913
14913
14913
14913
14917
14918
14920
14920
14921
14923
14925
14926
14930
14930
14937
14938
14940
14940
14943
14943
14951
14952
14953
14953
14955
14958
14959
14961
14968
14970
14970
14974
14978
14978
14979
14980
14981
14982
14984
14986
14987
14987
14989
14990
14993
14996
14999
14999
15000
15000
15004
15006
15010
15010
15010
15013
15013
15017
15017
15021
15024
15025
15026
15027
15028
15028
15034
15036
15040
15042
15043
15046
15046
15047
15049
15052
15053
15053
15054
15060
15063
15064
15065
15067
15070
15072
15072
15079
15080
15081
15081
15081
15086
15089
15092
15097
15104
15108
15109
15116
15117
15120
15122
15123
15123
15124
15125
15125
15130
15130
15130
15132
15134
15138
15140
15141
15142
15144
15144
15145
15152
15154
15156
15158
15158
15161
15163
15164
15166
15167
15168
15171
15171
15177
15179
15181
15191
15191
15191
15192
15194
15195
15197
15204
15204
15205
15205
15208
15210
15216
15219
15221
15222
15229
15232
15235
15236
15237
15239
15242
15246
15247
15248
15249
15249
15253
15258
15258
15259
15259
15260
15265
15265
15267
15267
15268
15268
15269
15273
15277
15287
15289
15289
15292
15293
15296
15298
15300
15301
15302
15304
15307
15309
15312
15314
15317
15318
15318
15320
15322
15327
15328
15336
15338
15339
15344
15346
15346
15348
15353
15354
15354
15358
15359
15359
15360
15361
15361
15362
15362
15363
15363
15366
15367
15382
15382
15384
15386
15389
15390
15392
15392
15392
15394
15396
15397
15401
15401
15406
15407
15408
15410
15411
15413
15415
15418
15419
15419
15419
15423
15424
15428
15428
15431
15434
15434
15438
15439
15439
15442
15443
15444
15447
15449
15449
15454
15456
15457
15462
15466
15467
15469
15470
15471
15473
15478
15481
15488
15491
15492
15492
15495
15496
15498
15498
15500
15501
15504
15505
15512
15513
15519
15526
15529
15532
15538
15543
15551
15560
15560
15561
15562
15563
15563
15565
15565
15567
15569
15570
15572
15572
15573
15573
15573
15574
15579
15584
15589
15590
15593
15594
15594
15595
15596
15596
15597
15598
15601
15604
15605
15606
15608
15608
15608
15612
15615
15616
15617
15617
15618
15620
15621
15622
15626
15628
15629
15629
15629
15633
15633
15633
15636
15638
15639
15639
15640
15640
15643
15645
15650
15652
15654
15655
15661
15661
15664
15665
15669
15669
15674
15677
15681
15681
15682
15685
15685
15687
15689
15691
15700
15702
15703
15706
15706
15707
15709
15711
15715
15715
15723
15723
15727
15731
15732
15733
15734
15735
15735
15736
15737
15738
15738
15741
15741
15747
15747
15748
15748
15750
15754
15756
15757
15758
15760
15763
15768
15768
15771
15775
15778
15787
15791
15800
15801
15803
15804
15813
15816
15822
15825
15827
15830
15834
15839
15842
15843
15846
15849
15851
15853
15855
15856
15857
15860
15861
15862
15869
15869
15870
15871
15871
15872
15872
15877
15878
15881
15882
15882
15884
15885
15885
15886
15887
15891
15891
15891
15891
15893
15893
15897
15897
15897
15899
15902
15907
15909
15911
15914
15917
15918
15918
15920
15921
15924
15926
15927
15929
15930
15931
15934
15936
15936
15941
15942
15948
15949
15950
15951
15951
15954
15954
15956
15957
15958
15963
15964
15966
15968
15971
15973
15976
15976
15976
15977
15978
15979
15980
15983
15986
15987
15987
15991
15994
15996
15997
15997
15999
16002
16004
16004
16006
16009
16010
16010
16011
16012
16013
16015
16019
16020
16021
16022
16022
16023
16025
16026
16027
16029
16030
16031
16041
16043
16044
16046
16048
16049
16055
16057
16060
16063
16064
16065
16069
16069
16069
16070
16071
16072
16072
16075
16077
16077
16078
16079
16079
16081
16082
16084
16086
16094
16100
16102
16103
16104
16105
16105
16105
16105
16111
16112
16113
16115
16115
16116
16118
16123
16124
16137
16140
16142
16145
16147
16152
16153
16154
16154
16155
16164
16164
16165
16168
16172
16172
16173
16174
16174
16176
16176
16180
16180
16184
16187
16189
16192
16193
16194
16195
16195
16197
16204
16207
16210
16210
16214
16217
16219
16221
16224
16230
16230
16236
16236
16238
16239
16239
16241
16241
16243
16249
16250
16253
16258
16260
16260
16261
16261
16262
16262
16262
16266
16267
16272
16273
16274
16274
16278
16281
16283
16285
16286
16286
16287
16291
16291
16295
16296
16297
16298
16298
16299
16300
16300
16305
16306
16312
16313
16314
16315
16316
16316
16316
16317
16319
16320
16320
16321
16324
16326
16326
16333
16333
16336
16336
16336
16337
16338
16339
16342
16344
16345
16349
16353
16354
16360
16361
16362
16363
16364
16364
16364
16364
16365
16370
16376
16377
16381
16382
16382
16384
16386
16389
16398
16401
16403
16408
16410
16410
16414
16415
16416
16416
16425
16425
16428
16430
16432
16432
16435
16435
16436
16440
16440
16442
16446
16448
16451
16453
16455
16456
16456
16459
16460
16464
16465
16466
16468
16469
16470
16474
16474
16474
16476
16479
16480
16480
16480
16483
16484
16484
16485
16487
16487
16487
16488
16491
16493
16499
16502
16502
16503
16504
16510
16513
16515
16521
16524
16525
16526
16530
16530
16531
16531
16532
16535
16538
16541
16542
16544
16546
16547
16547
16547
16552
16552
16553
16554
16559
16560
16568
16570
16570
16572
16572
16575
16580
16582
16585
16586
16593
16593
16598
16598
16605
16605
16607
16608
16610
16611
16617
16617
16623
16625
16626
16627
16629
16630
16630
16631
16632
16635
16637
16640
16640
16642
16644
16644
16645
16648
16651
16651
16653
16653
16653
16657
16658
16659
16660
16661
16669
16671
16671
16673
16678
16681
16683
16684
16692
16693
16697
16699
16700
16700
16704
16705
16707
16709
16710
16710
16711
16711
16711
16716
16720
16723
16725
16729
16730
16730
16730
16734
16735
16737
16737
16744
16747
16749
16752
16752
16755
16755
16761
16761
16763
16766
16768
16769
16776
16777
16779
16781
16782
16784
16784
16788
16792
16794
16795
16799
16799
16803
16804
16804
16805
16807
16808
16810
16810
16811
16813
16815
16817
16819
16821
16826
16826
16826
16826
16826
16826
16827
16830
16832
16833
16837
16840
16841
16842
16842
16851
16853
16854
16864
16865
16865
16868
16870
16874
16876
16880
16882
16885
16885
16886
16887
16888
16890
16891
16891
16893
16893
16899
16900
16900
16902
16906
16906
16907
16910
16911
16912
16915
16916
16917
16917
16923
16926
16928
16931
16931
16932
16939
16940
16943
16944
16945
16952
16956
16957
16957
16960
16961
16963
16965
16966
16966
16967
16968
16971
16971
16972
16974
16978
16979
16981
16983
16985
16992
16995
16996
16999
17000
17000
17001
17002
17018
17020
17021
17021
17021
17025
17026
17027
17029
17030
17035
17037
17042
17048
17050
17054
17055
17057
17063
17067
17070
17072
17072
17073
17073
17074
17078
17078
17079
17081
17082
17085
17094
17097
17098
17100
17103
17104
17107
17118
17120
17120
17122
17123
17124
17124
17126
17126
17126
17130
17135
17137
17139
17139
17140
17152
17155
17156
17159
17161
17161
17168
17169
17170
17174
17175
17179
17179
17184
17189
17189
17189
17192
17194
17200
17201
17204
17207
17211
17213
17215
17216
17216
17218
17219
17221
17222
17233
17234
17234
17238
17245
17250
17254
17257
17258
17258
17259
17260
17263
17263
17265
17265
17267
17267
17269
17271
17271
17272
17273
17275
17275
17275
17276
17277
17277
17278
17280
17282
17282
17283
17286
17288
17289
17290
17292
17300
17303
17303
17308
17310
17317
17320
17322
17323
17323
17325
17328
17329
17332
17335
17335
17336
17336
17338
17339
17340
17346
17347
17347
17350
17351
17359
17359
17361
17365
17367
17368
17368
17372
17375
17375
17378
17380
17385
17385
17388
17388
17388
17389
17390
17392
17392
17401
17402
17402
17406
17408
17409
17412
17413
17413
17414
17415
17419
17421
17421
17423
17425
17426
17427
17428
17428
17428
17428
17429
17431
17432
17432
17438
17438
17445
17446
17449
17449
17450
17453
17455
17456
17456
17459
17461
17465
17465
17471
17472
17473
17475
17479
17480
17483
17483
17484
17486
17491
17492
17493
17495
17497
17500
17502
17505
17506
17508
17514
17519
17527
17527
17529
17530
17531
17533
17533
17538
17541
17544
17550
17553
17557
17560
17561
17562
17564
17564
17565
17566
17569
17570
17571
17572
17573
17574
17576
17577
17579
17582
17584
17585
17588
17590
17592
17593
17595
17599
17600
17603
17605
17611
17611
17614
17618
17619
17620
17623
17624
17624
17627
17627
17640
17641
17643
17647
17648
17648
17651
17652
17653
17655
17655
17657
17658
17660
17662
17662
17663
17666
17666
17666
17667
17673
17676
17679
17681
17685
17686
17689
17689
17695
17702
17703
17705
17707
17710
17711
17712
17714
17716
17724
17726
17729
17731
17733
17738
17742
17744
17746
17747
17748
17750
17751
17752
17753
17754
17754
17755
17755
17756
17758
17762
17763
17764
17773
17774
17775
17776
17780
17783
17786
17786
17787
17789
17789
17789
17790
17799
17800
17806
17807
17810
17810
17810
17811
17815
17815
17816
17818
17818
17818
17819
17821
17822
17824
17828
17828
17832
17832
17833
17835
17836
17836
17840
17846
17849
17850
17850
17851
17853
17854
17854
17856
17856
17856
17858
17859
17861
17861
17868
17868
17869
17877
17877
17878
17879
17880
17881
17882
17883
17884
17888
17890
17891
17891
17891
17891
17893
17893
17901
17901
17901
17901
17901
17902
17903
17905
17909
17914
17915
17917
17919
17919
17921
17921
17922
17924
17926
17928
17929
17932
17932
17933
17936
17937
17938
17939
17939
17939
17942
17943
17944
17946
17947
17948
17949
17951
17951
17956
17957
17958
17959
17961
17962
17962
17966
17966
17969
17970
17970
17972
17974
17974
17976
17976
17978
17981
17982
17986
17986
17988
17990
17991
17991
17991
17992
17993
17998
18005
18010
18010
18018
18019
18021
18024
18026
18027
18027
18030
18034
18039
18041
18041
18043
18043
18046
18047
18048
18051
18060
18060
18062
18064
18065
18067
18067
18073
18075
18082
18084
18084
18086
18087
18087
18087
18091
18092
18093
18095
18097
18097
18098
18101
18103
18104
18106
18107
18110
18112
18115
18118
18119
18121
18121
18121
18122
18123
18124
18126
18126
18127
18128
18130
18137
18141
18143
18145
18147
18149
18150
18154
18158
18162
18163
18163
18163
18164
18168
18168
18171
18174
18174
18175
18176
18178
18178
18183
18184
18185
18185
18186
18187
18188
18188
18189
18191
18193
18195
18195
18196
18197
18197
18200
18200
18202
18204
18206
18212
18215
18216
18217
18217
18219
18222
18225
18226
18232
18236
18236
18242
18245
18246
18251
18251
18251
18253
18253
18255
18265
18266
18267
18268
18269
18269
18275
18279
18279
18280
18283
18284
18285
18286
18286
18289
18290
18292
18292
18294
18299
18306
18307
18313
18316
18317
18318
18319
18319
18324
18324
18324
18328
18328
18330
18331
18332
18333
18338
18343
18344
18347
18348
18348
18349
18350
18350
18350
18355
18358
18360
18362
18364
18366
18371
18372
18377
18380
18383
18386
18388
18389
18391
18393
18396
18398
18401
18402
18403
18411
18412
18413
18414
18417
18417
18418
18418
18419
18423
18425
18427
18427
18428
18431
18432
18434
18434
18434
18436
18438
18439
18443
18445
18445
18448
18449
18450
18453
18454
18455
18459
18462
18462
18464
18466
18466
18468
18468
18471
18475
18475
18480
18481
18482
18483
18485
18487
18489
18491
18496
18497
18497
18498
18499
18500
18503
18506
18506
18514
18515
18515
18516
18517
18518
18521
18523
18526
18527
18528
18528
18532
18532
18536
18536
18537
18539
18541
18541
18542
18543
18543
18544
18544
18551
18552
18553
18553
18555
18560
18560
18562
18563
18567
18569
18572
18576
18580
18582
18584
18584
18588
18591
18594
18594
18596
18597
18599
18604
18605
18606
18608
18609
18610
18611
18612
18616
18616
18618
18620
18623
18624
18624
18630
18631
18634
18634
18635
18639
18640
18643
18645
18649
18650
18650
18652
18652
18652
18652
18658
18659
18660
18661
18661
18662
18664
18666
18666
18668
18671
18671
18672
18673
18674
18674
18678
18678
18682
18685
18685
18687
18690
18690
18695
18698
18699
18701
18701
18702
18705
18707
18709
18710
18713
18716
18717
18719
18723
18731
18732
18739
18740
18740
18741
18742
18745
18748
18749
18750
18751
18751
18752
18753
18753
18753
18755
18756
18756
18758
18759
18761
18762
18766
18766
18768
18769
18770
18771
18771
18773
18773
18773
18775
18776
18778
18783
18784
18786
18787
18788
18789
18789
18792
18793
18793
18795
18796
18797
18798
18799
18804
18805
18807
18807
18809
18811
18816
18817
18818
18820
18821
18822
18830
18832
18833
18836
18837
18840
18844
18844
18845
18845
18845
18846
18848
18851
18854
18854
18857
18862
18865
18870
18871
18871
18871
18872
18873
18873
18876
18877
18877
18878
18879
18883
18892
18894
18894
18897
18901
18901
18902
18906
18909
18910
18910
18914
18915
18915
18918
18919
18920
18922
18926
18926
18926
18927
18931
18931
18933
18943
18947
18947
18949
18961
18961
18962
18962
18964
18967
18967
18970
18974
18975
18975
18976
18977
18979
18979
18981
18982
18983
18986
18987
18988
18991
18994
18999
19001
19002
19004
19005
19008
19008
19011
19017
19019
19020
19024
19027
19029
19031
19034
19036
19039
19041
19042
19042
19042
19045
19046
19048
19049
19050
19051
19052
19053
19054
19054
19059
19062
19064
19070
19071
19072
19073
19077
19083
19083
19088
19090
19094
19096
19098
19101
19103
19103
19104
19105
19109
19114
19116
19117
19121
19122
19122
19123
19130
19130
19131
19134
19134
19135
19136
19142
19142
19144
19145
19147
19147
19150
19151
19154
19158
19159
19167
19168
19170
19170
19171
19173
19175
19175
19176
19177
19177
19177
19179
19180
19180
19183
19185
19185
19189
19195
19195
19196
19197
19198
19202
19202
19217
19223
19226
19231
19233
19238
19238
19239
19239
19240
19242
19242
19243
19246
19249
19256
19259
19260
19261
19261
19263
19265
19268
19268
19268
19269
19275
19275
19280
19281
19283
19284
19284
19294
19295
19296
19298
19300
19307
19309
19309
19314
19314
19315
19316
19317
19318
19318
19319
19319
19328
19328
19330
19330
19330
19332
19338
19340
19343
19343
19346
19350
19355
19356
19359
19363
19366
19369
19369
19369
19371
19372
19378
19380
19380
19380
19381
19383
19386
19391
19391
19392
19392
19392
19395
19399
19401
19401
19402
19409
19414
19417
19418
19421
19421
19422
19422
19423
19424
19425
19426
19426
19431
19432
19432
19435
19436
19437
19437
19438
19439
19442
19443
19445
19446
19446
19447
19448
19449
19450
19452
19454
19461
19462
19462
19463
19470
19470
19470
19471
19472
19473
19476
19478
19484
19487
19494
19498
19506
19513
19515
19520
19520
19523
19523
19523
19524
19524
19526
19532
19535
19535
19537
19539
19540
19542
19546
19547
19548
19550
19552
19554
19554
19555
19557
19558
19558
19562
19562
19562
19562
19563
19565
19567
19570
19574
19575
19581
19581
19582
19587
19589
19592
19595
19599
19604
19604
19608
19610
19614
19616
19623
19623
19624
19625
19625
19627
19631
19633
19636
19639
19645
19649
19651
19652
19655
19655
19659
19660
19661
19662
19664
19664
19669
19675
19676
19676
19677
19678
19682
19684
19688
19689
19690
19693
19701
19704
19705
19706
19710
19711
19712
19713
19714
19715
19715
19715
19717
19730
19739
19739
19739
19742
19748
19750
19755
19755
19758
19758
19759
19759
19765
19765
19766
19766
19771
19772
19772
19775
19777
19780
19781
19781
19781
19781
19782
19783
19785
19787
19791
19793
19793
19795
19795
19795
19801
19801
19801
19803
19804
19804
19806
19806
19811
19822
19825
19828
19830
19832
19834
19834
19838
19840
19841
19842
19843
19845
19845
19848
19849
19852
19853
19854
19858
19859
19860
19861
19863
19864
19866
19867
19868
19869
19875
19876
19884
19885
19885
19888
19889
19895
19896
19898
19899
19902
19903
19905
19907
19909
19910
19910
19910
19910
19911
19911
19911
19913
19914
19915
19921
19922
19924
19926
19926
19928
19930
19934
19935
19936
19940
19940
19945
19945
19948
19950
19960
19961
19967
19971
19980
19981
19982
19983
19989
19991
19992
19993
19995
19996
19996
